15169 10175
14061 5548
16509 4964
3462 4719
63949 2835
36351 2549
20473 2191
4837 1778
21321 1757
37963 1527
2516 1434
4766 1362
17974 1359
4788 1050
45102 1039
46562 939
20940 915
3786 885
45899 859
9318 798
26496 781
8100 772
9924 699
9269 689
18881 659
9009 653
32181 635
16276 589
7470 550
4808 478
60781 437
12876 411
13335 407
45758 406
20860 397
12389 393
9506 367
13213 359
18403 358
4780 350
63859 350
7552 345
36040 344
7922 298
701 282
4250 279
4775 266
6805 249
9931 236
9304 235
36947 234
28753 214
15003 213
6939 213
45430 211
8048 208
8560 205
4713 201
7738 198
20001 195
28573 191
20845 188
4812 187
133752 185
23724 184
32934 177
14522 168
25820 168
29854 168
4804 163
3269 162
55960 161
4818 157
6327 156
46844 155
16135 152
18779 152
22566 152
5432 150
9299 149
3292 149
1221 145
42708 143
22923 141
2828 140
32780 139
13999 138
3356 138
7418 137
23700 136
24940 136
18978 135
5089 134
1659 133
18101 130
4621 129
9286 127
19318 127
9121 127
4773 126
58593 124
14618 124
9500 123
2527 122
29695 122
32489 121
9534 121
9050 121
852 120
25478 119
8708 118
20485 118
4609 117
23563 117
131090 116
6128 115
6648 114
23650 112
4761 112
16960 111
10013 111
8151 110
21395 110
7679 107
42831 106
17621 106
12271 106
17924 105
9587 104
27761 103
17552 103
10796 102
44724 102
9644 102
8167 100
4847 100
23673 97
45960 97
45903 97
42610 97
812 96
49544 95
2510 95
38193 95
4787 95
31042 93
24492 93
45671 93
5577 92
30633 91
3223 90
35908 90
8359 89
9873 89
12714 88
31490 88
40676 88
15659 88
15290 87
17676 87
60311 86
38040 86
36352 85
13489 85
9329 84
41164 84
577 84
12715 83
17511 83
NA 82
7545 81
4657 80
9908 80
17809 80
9381 77
22742 77
9824 77
25255 77
18450 76
21412 75
23969 75
12741 75
17072 75
52263 74
38819 74
7018 73
9354 72
60404 72
25019 72
8447 71
4750 71
8997 71
8881 71
21575 71
45896 70
7203 70
4760 70
9370 70
58717 70
9605 69
12849 68
30873 68
16160 67
38726 67
38623 66
18182 66
2110 66
49981 65
10010 65
17853 65
45595 65
20910 64
133119 64
61440 64
12322 63
31133 63
31012 62
13285 61
45753 61
37100 61
1241 61
39392 60
9930 59
81 59
38841 58
23679 58
61317 58
22773 58
12578 58
9231 57
45727 57
17451 57
53242 57
12713 56
3320 56
38285 56
21928 55
10219 54
20115 54
24482 54
4618 54
14420 54
34772 54
5056 53
29182 53
8767 52
11814 52
12083 52
8422 52
198605 52
17483 52
35843 51
55818 51
54500 51
23930 51
43557 51
28580 51
6700 51
8778 51
4648 51
12392 51
6830 51
38758 50
6910 50
17670 50
13768 50
38082 50
27984 50
41794 49
33771 49
29084 49
45177 49
22689 49
12969 49
55805 48
39912 48
41572 48
59318 48
2518 48
9198 48
18199 48
10226 48
18351 48
35017 48
263047 48
11888 48
18081 47
12338 47
4230 47
29802 46
262493 46
27589 45
23033 45
27672 45
58601 45
17705 45
25853 45
3303 44
63612 44
10118 44
52689 44
9416 43
59325 43
17639 43
63655 43
29049 43
38861 43
62943 43
17506 42
209 42
56647 42
6730 42
198156 41
16342 41
17408 41
1916 41
9916 41
12997 41
4800 41
8014 40
6147 40
38566 40
7029 40
21859 40
13414 40
54825 40
6079 40
2116 40
9457 40
38701 39
43350 39
16527 39
43727 39
18126 39
27947 38
25620 38
15557 38
27738 38
12208 38
2497 38
174 37
60068 37
9617 37
6407 37
55850 37
51765 37
22047 37
11338 36
17435 36
4685 36
50710 35
14241 35
8400 35
36817 35
32097 35
396190 35
38322 35
2514 34
45796 34
58552 34
58424 34
28512 33
24164 33
262210 33
58599 33
30736 33
9245 33
9848 33
12353 33
8926 33
44735 33
38466 33
14080 33
8866 32
3255 32
62217 32
3842 32
6677 32
7610 32
4704 32
7642 32
58453 31
18004 31
1836 31
15958 31
31549 31
8615 31
17858 31
10481 30
8075 30
198471 30
59253 30
9419 29
59613 29
8544 29
8529 29
200039 29
45194 29
3265 29
56258 29
7506 29
26479 28
5607 28
44217 28
17557 28
34757 28
26210 28
12231 27
51852 27
17638 27
5466 27
52965 27
3257 27
47605 27
19194 27
55971 27
9821 27
58629 27
197595 27
4739 26
58691 26
16245 26
28283 26
45951 26
9801 26
2687 25
28220 25
38197 25
136557 25
6453 25
38547 25
23201 25
7482 25
7489 25
30036 25
11426 25
6849 25
51430 25
38091 25
133854 25
4651 24
45470 24
15759 24
5384 24
11831 24
8057 24
51167 24
4134 24
43289 24
53062 24
17488 24
7713 24
7459 23
51604 23
27839 23
1239 23
56300 23
55666 23
19782 23
22781 23
50613 23
25780 23
33330 23
17494 23
56934 23
39107 22
2519 22
55303 22
132203 22
38235 22
196949 22
53667 22
28036 22
64245 22
54614 22
27747 22
55824 22
28186 21
2614 21
12334 21
11427 21
4694 21
8781 21
37457 21
49367 21
45245 21
58715 21
8551 21
7602 20
30990 20
24971 20
38805 20
49624 20
55536 20
15962 20
56322 20
28126 20
3605 20
28032 20
7385 20
30083 20
52262 19
23693 19
45204 19
4637 19
9976 19
16735 19
37693 19
132267 19
26615 19
9946 19
24961 19
262999 19
28270 19
23966 19
20552 19
29066 19
28135 19
8681 19
36666 19
1930 19
28548 19
36149 19
14709 19
7511 18
9902 18
55933 18
27773 18
134550 18
237 18
18747 18
17882 18
132454 18
16591 18
24342 18
28615 18
13682 18
32098 18
134708 18
55674 18
13926 18
23947 18
23944 18
63554 18
9694 18
58656 18
29492 18
2495 18
21351 18
8771 18
10094 17
21453 17
766 17
45361 17
2856 17
49453 17
3737 17
8402 17
58587 17
5645 17
56293 17
28716 17
10000 17
38478 17
11232 17
18278 17
20530 17
3215 17
38442 16
132797 16
61832 16
38987 16
4638 16
8452 16
24768 16
6181 16
32475 16
28667 16
52541 16
45294 16
12252 16
2603 16
10030 16
1273 16
53131 16
36937 16
54600 16
28329 16
17660 16
5385 16
33480 16
3209 15
28368 15
43515 15
58682 15
7065 15
25139 15
63916 15
35916 15
11351 15
49638 15
9387 15
7782 15
12874 15
5650 15
50304 15
28294 15
16178 15
45498 15
200651 15
6619 15
2907 15
28006 15
262387 15
16478 15
26769 15
45652 14
13194 14
18150 14
9351 14
8280 14
21277 14
19108 14
43317 14
42368 14
9143 14
17222 14
855 14
36923 14
9919 14
45543 14
1257 14
57169 14
10103 14
2914 14
5578 14
51659 14
37054 14
45904 14
23889 14
39122 14
394380 14
9790 14
29314 14
18049 14
1299 14
49770 13
22646 13
28509 13
52720 13
5518 13
10996 13
4515 13
49335 13
262673 13
17501 13
7565 13
41406 13
28469 13
21183 13
33387 13
131178 13
9829 13
59257 13
133731 13
9116 13
31798 13
13124 13
35415 13
55769 12
45061 12
28554 12
35158 12
8764 12
30404 12
3352 12
31117 12
13004 12
803 12
40300 12
42313 12
37560 12
25180 12
14051 12
5483 12
262272 12
4922 12
56630 12
55990 12
2119 12
33934 12
44034 12
5563 12
132602 12
29571 12
12390 12
23338 12
24499 12
12989 12
5410 12
22927 12
11172 12
28202 12
28201 12
131596 11
26484 11
4725 11
4826 11
42841 11
28130 11
24549 11
31103 11
42003 11
5390 11
42994 11
133480 11
41313 11
29933 11
26677 11
22351 11
13030 11
12332 11
40065 11
39184 11
4224 11
16322 11
133124 11
32703 11
29691 11
52376 11
18812 11
19180 11
6568 11
47956 11
26599 11
19889 11
20764 11
34177 11
9264 11
30860 11
39326 11
131207 10
39354 10
12066 10
5603 10
39020 10
34700 10
18200 10
7303 10
33885 10
39369 10
34989 10
57324 10
63530 10
36114 10
4764 10
12400 10
11492 10
21219 10
36958 10
29091 10
38001 10
23106 10
262202 10
262434 10
8426 10
17444 10
3549 10
10109 10
9498 10
14754 10
1403 10
13370 10
21804 10
20773 10
26554 10
11700 10
58895 10
7656 10
55286 10
24852 10
35549 9
8308 9
45669 9
50673 9
8374 9
6772 9
43529 9
16347 9
40788 9
43847 9
53180 9
14325 9
19114 9
28885 9
28668 9
3491 9
44581 9
36907 9
15943 9
17961 9
53065 9
35819 9
9145 9
24134 9
33363 9
29256 9
11071 9
24835 9
14813 9
29405 9
264668 9
1680 9
54113 9
14576 9
55958 9
6057 9
2637 9
39642 9
3132 9
23951 9
200052 9
9876 9
10617 9
34224 9
59050 9
133774 9
52739 8
38506 8
559 8
5050 8
395651 8
56040 8
46015 8
10084 8
29119 8
51440 8
7684 8
7992 8
44220 8
40237 8
262932 8
35911 8
263531 8
393523 8
22724 8
19905 8
2852 8
8047 8
262818 8
4771 8
3790 8
4181 8
6535 8
51032 8
61307 8
45187 8
48666 8
9002 8
15547 8
25374 8
52956 8
15808 8
29073 8
31452 8
8262 8
197288 8
52630 8
42020 8
19201 8
4540 8
42237 8
46573 8
15772 8
28908 8
21826 8
6503 8
60098 8
37273 8
263124 8
24689 8
41937 8
7122 8
132165 8
200840 8
39138 8
262777 8
45905 8
15419 8
6921 8
262549 8
14117 8
59458 8
600 8
394256 8
132585 8
11556 8
12605 8
52878 8
6122 8
53013 8
53018 8
198310 8
19397 7
262197 7
203380 7
2860 7
3741 7
135373 7
57888 7
24863 7
34305 7
31200 7
55329 7
4755 7
13293 7
33182 7
13188 7
53755 7
3326 7
19037 7
263783 7
15589 7
6758 7
2711 7
5078 7
8473 7
52967 7
27927 7
39608 7
57344 7
27843 7
31034 7
9939 7
9488 7
53850 7
12880 7
136439 7
28624 7
24806 7
54489 7
1267 7
18103 7
10318 7
21559 7
54290 7
5769 7
27814 7
55714 7
3633 7
35400 7
33132 7
12177 7
6855 7
47172 7
22442 7
4670 7
199524 7
17707 7
46805 7
36992 7
48161 7
8190 7
26827 7
11776 7
58889 7
4809 7
20248 7
12709 6
262589 6
200709 6
10091 6
31122 6
4721 6
10620 6
23682 6
5713 6
39015 6
42038 6
9762 6
203833 6
39572 6
7540 6
17608 6
262669 6
196689 6
41560 6
51159 6
20676 6
42160 6
54203 6
35807 6
25369 6
262688 6
226 6
17799 6
36903 6
33576 6
46606 6
2554 6
58010 6
8897 6
133070 6
27699 6
50837 6
9934 6
3662 6
53246 6
395089 6
34011 6
28917 6
6471 6
14868 6
5690 6
63996 6
20836 6
198093 6
36423 6
134705 6
58668 6
38731 6
30236 6
24259 6
22561 6
52280 6
16086 6
6871 6
58731 6
27665 6
28331 6
135386 6
204170 6
52423 6
37917 6
36236 6
13760 6
25490 6
14291 6
9658 6
9260 6
133775 6
797 6
55900 5
32787 5
21100 5
32277 5
134166 5
62240 5
59037 5
7522 5
28250 5
10396 5
53727 5
27813 5
11686 5
6400 5
9988 5
16010 5
41364 5
10217 5
7057 5
47232 5
47236 5
28349 5
262808 5
22652 5
35592 5
22381 5
43333 5
55644 5
31815 5
27833 5
134382 5
262819 5
32613 5
48347 5
37517 5
1955 5
63535 5
33438 5
21502 5
15133 5
23655 5
60300 5
52361 5
262689 5
42571 5
55944 5
56268 5
3 5
62744 5
7795 5
28287 5
262274 5
9929 5
25513 5
42961 5
134451 5
30722 5
28300 5
199284 5
9737 5
23184 5
262213 5
8334 5
25229 5
14793 5
34867 5
18077 5
14371 5
197706 5
263444 5
55081 5
43754 5
9595 5
12350 5
49505 5
5396 5
38057 5
18001 5
47625 5
7794 5
197922 5
23404 5
19994 5
199653 5
30689 5
9070 5
719 5
59077 5
8345 5
22302 5
8437 5
8972 5
1653 5
30844 5
31334 5
134835 5
62282 5
52871 5
16262 5
23629 5
55618 4
63119 4
58073 4
34971 4
12946 4
8163 4
31126 4
680 4
23473 4
9246 4
18712 4
17839 4
262342 4
22683 4
16904 4
53974 4
133788 4
52840 4
37204 4
52238 4
29124 4
42387 4
50597 4
47536 4
264359 4
9105 4
15324 4
58321 4
51407 4
134548 4
11835 4
49455 4
6922 4
51737 4
16592 4
61275 4
52219 4
53163 4
45766 4
136787 4
29614 4
14543 4
34456 4
8218 4
43561 4
52201 4
21856 4
57129 4
20857 4
2609 4
10036 4
61102 4
11260 4
135629 4
17310 4
9158 4
42730 4
13110 4
39812 4
262988 4
26658 4
28598 4
15964 4
29063 4
24432 4
8331 4
23688 4
16097 4
6663 4
22080 4
64435 4
37061 4
26794 4
37282 4
6866 4
197019 4
262223 4
30900 4
44843 4
4058 4
52439 4
20807 4
134732 4
41661 4
37611 4
8220 4
264493 4
47447 4
31400 4
27668 4
55720 4
132779 4
17698 4
197540 4
59729 4
11272 4
197155 4
9845 4
394473 4
16625 4
17465 4
17665 4
2018 4
24203 4
5408 4
9870 4
132280 4
47394 4
23884 4
35366 4
55410 4
51395 4
29485 4
19429 4
36866 4
22925 4
28649 4
6315 4
58879 4
10439 4
15735 4
33785 4
62662 4
37153 4
27257 4
15399 4
28309 4
29169 4
20454 4
56484 4
286 4
135357 4
54540 4
27983 4
15895 4
5639 4
39216 4
27754 4
39102 3
6724 3
3685 3
135615 3
63930 3
109 3
41349 3
134765 3
18144 3
8492 3
28210 3
376 3
51290 3
14434 3
19969 3
4628 3
34814 3
20880 3
53340 3
36943 3
63473 3
62651 3
198371 3
15706 3
132335 3
262195 3
24559 3
28359 3
5617 3
197091 3
16125 3
16652 3
11290 3
3758 3
24955 3
2200 3
60663 3
14086 3
3329 3
15935 3
23074 3
17995 3
58543 3
28657 3
262462 3
262468 3
58955 3
58224 3
63526 3
38616 3
21409 3
14987 3
24157 3
37184 3
395978 3
28715 3
24282 3
23243 3
262476 3
45025 3
53889 3
27955 3
27951 3
9365 3
53080 3
53087 3
14840 3
41095 3
7311 3
15626 3
38778 3
3301 3
37228 3
264556 3
263792 3
8053 3
28252 3
47253 3
7562 3
17 3
24631 3
263077 3
55511 3
51819 3
262687 3
61272 3
61871 3
9371 3
9374 3
12260 3
133481 3
133465 3
9008 3
28263 3
15305 3
50840 3
23352 3
200904 3
6739 3
9541 3
3464 3
38710 3
264444 3
44391 3
59349 3
32440 3
55996 3
2381 3
52308 3
52637 3
60729 3
133118 3
133115 3
34274 3
11758 3
38031 3
31287 3
7575 3
10201 3
5588 3
23114 3
22573 3
9905 3
22085 3
26347 3
46375 3
21947 3
4796 3
204152 3
10019 3
36492 3
10474 3
45399 3
21548 3
8657 3
263327 3
29465 3
22363 3
63969 3
43824 3
41843 3
51896 3
53587 3
20375 3
3801 3
197328 3
136258 3
50113 3
50979 3
13778 3
201011 3
12182 3
39939 3
134813 3
63558 3
49349 3
10100 3
10102 3
10299 3
33922 3
714 3
1668 3
47895 3
264738 3
59072 3
47381 3
134764 3
37037 3
21021 3
262773 3
19237 3
49136 3
36874 3
63018 3
6325 3
703 3
7131 3
9443 3
31242 3
41733 3
8594 3
35362 3
28178 3
19551 3
42473 3
55967 3
262761 3
18282 3
17470 3
60118 3
57858 3
37483 3
13037 3
18059 3
53118 3
52683 3
31257 3
8369 3
262375 3
22457 3
11830 3
52872 3
25291 3
18809 3
41931 3
48159 3
3216 3
17816 3
39435 3
29550 3
7086 3
136052 3
27759 3
28191 3
 2
262743 2
27176 2
9524 2
64050 2
45845 2
17726 2
24086 2
8943 2
36024 2
34977 2
24154 2
48894 2
56337 2
7670 2
29562 2
132839 2
24523 2
34515 2
11282 2
17623 2
7850 2
60011 2
42337 2
11979 2
27964 2
134970 2
15704 2
8371 2
16700 2
198203 2
27818 2
15457 2
132068 2
44923 2
12479 2
23750 2
31972 2
25607 2
39010 2
25605 2
16019 2
55639 2
39906 2
61570 2
52022 2
43148 2
9340 2
9614 2
8148 2
52759 2
44133 2
37684 2
24173 2
45117 2
15600 2
58850 2
33983 2
24389 2
31214 2
262336 2
34533 2
28233 2
35598 2
3816 2
33070 2
39153 2
6429 2
262664 2
6697 2
49559 2
25560 2
200752 2
15311 2
197648 2
264562 2
50266 2
262485 2
27715 2
44901 2
55492 2
262491 2
262494 2
24757 2
557 2
6752 2
43948 2
25394 2
14492 2
64018 2
36374 2
32505 2
198589 2
45538 2
63889 2
3243 2
47583 2
58369 2
13490 2
47810 2
394143 2
58655 2
11014 2
28620 2
26665 2
59365 2
28048 2
52369 2
12683 2
45433 2
27924 2
45769 2
39737 2
133647 2
38700 2
27851 2
53435 2
20021 2
54782 2
8068 2
50336 2
28260 2
1102 2
38120 2
35104 2
131423 2
44812 2
132422 2
51004 2
6412 2
35816 2
38238 2
58678 2
206766 2
43966 2
42560 2
42695 2
42314 2
200019 2
7979 2
52554 2
1853 2
28131 2
42742 2
14828 2
20928 2
7524 2
2470 2
45996 2
36914 2
15805 2
198414 2
37662 2
33567 2
44395 2
12897 2
39288 2
28271 2
8672 2
28075 2
28073 2
6461 2
51541 2
31036 2
8301 2
4782 2
19016 2
12668 2
24904 2
48293 2
9155 2
197422 2
27901 2
13333 2
134006 2
63561 2
21688 2
22356 2
41425 2
37098 2
37678 2
197226 2
9125 2
5580 2
7598 2
31863 2
56503 2
3661 2
63997 2
2572 2
63194 2
17439 2
52531 2
62370 2
9583 2
9584 2
38457 2
44716 2
42655 2
29278 2
37287 2
48728 2
263665 2
11084 2
14773 2
24255 2
34984 2
28634 2
32881 2
23028 2
22368 2
38935 2
262159 2
51964 2
50618 2
6509 2
38843 2
27895 2
9049 2
45814 2
18318 2
24466 2
6876 2
41665 2
18229 2
45429 2
263546 2
59067 2
28481 2
55430 2
38022 2
23956 2
22423 2
28669 2
63580 2
10929 2
19331 2
17216 2
42673 2
133385 2
45028 2
59895 2
14178 2
57944 2
16863 2
45731 2
53240 2
24309 2
133098 2
17916 2
54288 2
45932 2
30693 2
34931 2
5416 2
136393 2
16037 2
59074 2
38266 2
28812 2
7132 2
206440 2
25408 2
28146 2
16628 2
11404 2
3253 2
13576 2
41268 2
53813 2
6856 2
31246 2
11081 2
34248 2
34168 2
8376 2
132597 2
28171 2
12576 2
393559 2
25643 2
35567 2
8449 2
61157 2
50625 2
32329 2
12764 2
27357 2
56030 2
52 2
9271 2
63008 2
12143 2
17709 2
6828 2
38661 2
40034 2
15083 2
17806 2
28545 2
263346 2
34594 2
34779 2
45754 2
50926 2
52873 2
262287 2
52270 2
262750 2
21042 2
63128 2
24851 2
36850 2
9615 2
28292 2
59108 2
45458 2
58704 2
9319 2
14636 2
8821 2
134771 2
8779 2
133201 2
27695 2
7643 2
52320 2
18136 2
34145 2
35540 1
23991 1
19711 1
21232 1
48896 1
56580 1
56237 1
52260 1
12703 1
60985 1
6799 1
25660 1
56124 1
26481 1
52008 1
57293 1
40995 1
55836 1
4658 1
262379 1
57611 1
26395 1
52469 1
25596 1
42580 1
46261 1
28310 1
42905 1
39927 1
12430 1
36445 1
10143 1
7623 1
18451 1
39699 1
45668 1
24560 1
27997 1
42832 1
37009 1
20590 1
37004 1
16928 1
4528 1
41161 1
41691 1
62887 1
34974 1
10099 1
10098 1
24158 1
3208 1
133232 1
58768 1
62088 1
58451 1
58322 1
26801 1
1759 1
15440 1
29588 1
35154 1
40564 1
55789 1
47692 1
39598 1
8501 1
8386 1
201607 1
7690 1
50412 1
28964 1
262821 1
43578 1
43260 1
51273 1
12357 1
378 1
52257 1
132116 1
135025 1
41828 1
13536 1
56242 1
16243 1
48129 1
12872 1
16397 1
20738 1
52178 1
135514 1
17539 1
41911 1
49048 1
204092 1
135201 1
3596 1
135754 1
134371 1
42331 1
6364 1
36493 1
45650 1
133685 1
11976 1
134401 1
25528 1
262946 1
53292 1
33047 1
265365 1
196645 1
9756 1
9753 1
264188 1
10085 1
37308 1
394738 1
10429 1
45090 1
59135 1
38744 1
58689 1
33991 1
33993 1
41682 1
1764 1
47203 1
18158 1
18313 1
25592 1
50716 1
17727 1
263238 1
2840 1
58302 1
15377 1
28229 1
35141 1
263523 1
28224 1
20746 1
8445 1
39501 1
201701 1
30222 1
197301 1
28642 1
55740 1
22023 1
28280 1
27884 1
2764 1
131269 1
6848 1
51623 1
6775 1
52932 1
51225 1
60248 1
53999 1
13525 1
198813 1
250 1
12033 1
11580 1
196924 1
136207 1
46841 1
45317 1
9186 1
57093 1
13189 1
54979 1
36827 1
48309 1
44684 1
31261 1
48438 1
9761 1
38628 1
24176 1
198569 1
59127 1
15502 1
263687 1
136828 1
62222 1
38750 1
264575 1
9890 1
9891 1
18163 1
30764 1
38286 1
34081 1
55664 1
28343 1
50274 1
59497 1
25892 1
47304 1
23674 1
133967 1
40430 1
50473 1
50472 1
34315 1
50989 1
263055 1
12455 1
39156 1
6428 1
50057 1
55002 1
52195 1
393238 1
201401 1
26310 1
55313 1
46475 1
60494 1
60257 1
224 1
60252 1
131322 1
4007 1
23923 1
199026 1
262469 1
52233 1
41168 1
11796 1
25092 1
203953 1
56067 1
17069 1
64484 1
45328 1
10175 1
21246 1
40581 1
20661 1
38571 1
57423 1
134226 1
48330 1
33083 1
20446 1
20917 1
47789 1
327818 1
48689 1
29357 1
9287 1
24163 1
133331 1
28338 1
26832 1
27837 1
7048 1
264963 1
10197 1
29286 1
30992 1
395374 1
50261 1
11139 1
264897 1
15582 1
132045 1
47313 1
34508 1
8283 1
28245 1
38142 1
38144 1
34187 1
2830 1
266133 1
34610 1
43234 1
262253 1
24753 1
48858 1
394883 1
199974 1
23393 1
28665 1
50512 1
43179 1
35470 1
35475 1
61242 1
27919 1
13649 1
13886 1
19751 1
43945 1
12050 1
4611 1
22750 1
12695 1
43548 1
41601 1
10834 1
31364 1
52228 1
134833 1
10838 1
49525 1
52173 1
196901 1
56099 1
201213 1
50115 1
39819 1
9167 1
10695 1
1835 1
58405 1
134542 1
2159 1
198185 1
5381 1
203106 1
44112 1
63242 1
49980 1
3249 1
39709 1
13091 1
12301 1
26844 1
395565 1
48072 1
49855 1
12499 1
15919 1
53006 1
327885 1
58765 1
17970 1
39554 1
133275 1
33891 1
29385 1
263339 1
37649 1
263244 1
48910 1
25983 1
31167 1
28096 1
8612 1
63981 1
24295 1
198034 1
49749 1
9989 1
59214 1
51035 1
61493 1
7765 1
61308 1
9308 1
35805 1
4768 1
266497 1
15960 1
206776 1
15961 1
22552 1
263070 1
206170 1
55668 1
19740 1
39042 1
63199 1
39047 1
51815 1
25163 1
12042 1
43554 1
21880 1
43793 1
132056 1
37342 1
49532 1
23752 1
17573 1
53164 1
13401 1
42682 1
262215 1
11664 1
26077 1
26277 1
34797 1
9981 1
39824 1
25184 1
25186 1
28890 1
9572 1
135330 1
52148 1
39574 1
264284 1
198537 1
203591 1
24105 1
41311 1
30176 1
27768 1
786 1
10229 1
40263 1
44534 1
7155 1
38011 1
31514 1
196750 1
395776 1
29420 1
48900 1
206346 1
47241 1
38121 1
132198 1
132199 1
131429 1
131428 1
47069 1
47066 1
14282 1
30950 1
393249 1
54627 1
35492 1
34703 1
28111 1
9925 1
6718 1
210 1
56324 1
55699 1
8749 1
6640 1
12670 1
51178 1
43818 1
43765 1
43586 1
49056 1
43588 1
25512 1
21070 1
25515 1
42363 1
52374 1
57230 1
36969 1
43939 1
25203 1
25198 1
12093 1
28787 1
42964 1
24620 1
45634 1
46957 1
10037 1
134852 1
264332 1
38017 1
44775 1
30148 1
30496 1
38713 1
63410 1
9038 1
49877 1
13122 1
33701 1
15802 1
29399 1
15154 1
17428 1
6886 1
38790 1
263655 1
7160 1
17950 1
263311 1
134316 1
23520 1
47610 1
39289 1
21032 1
28279 1
29671 1
15975 1
29076 1
22611 1
22612 1
13789 1
50941 1
136190 1
5739 1
8416 1
50543 1
50542 1
9808 1
263260 1
26314 1
206264 1
28855 1
34718 1
62731 1
23699 1
10297 1
53486 1
58504 1
19271 1
40156 1
266361 1
266458 1
51616 1
19306 1
24043 1
25525 1
25521 1
266215 1
21069 1
6389 1
262733 1
203912 1
57595 1
15497 1
26253 1
5009 1
1101 1
49608 1
134913 1
17139 1
31624 1
17421 1
47286 1
55803 1
42739 1
28285 1
199422 1
134000 1
45706 1
10029 1
24129 1
37418 1
48644 1
57370 1
36925 1
22709 1
18207 1
10242 1
7004 1
197343 1
29245 1
24012 1
37090 1
15146 1
24331 1
15782 1
41653 1
41798 1
394330 1
203653 1
37671 1
18678 1
18026 1
264141 1
34383 1
197726 1
38109 1
40244 1
47264 1
8641 1
8427 1
34123 1
35706 1
50957 1
17917 1
9123 1
133099 1
59249 1
61660 1
51570 1
35019 1
262509 1
8339 1
6713 1
131577 1
262186 1
24435 1
22799 1
17534 1
46786 1
12659 1
263928 1
51191 1
23974 1
51975 1
52405 1
43120 1
42431 1
262659 1
56610 1
4927 1
6736 1
45179 1
64439 1
16433 1
45570 1
6280 1
42239 1
47544 1
48654 1
53597 1
53264 1
52626 1
17054 1
63571 1
133612 1
12346 1
203523 1
41079 1
196768 1
38732 1
14155 1
34869 1
49811 1
33763 1
11878 1
8928 1
37281 1
203417 1
38026 1
71 1
17057 1
28118 1
198277 1
33588 1
7633 1
198279 1
11051 1
37133 1
58436 1
17849 1
15683 1
28015 1
8431 1
47702 1
15428 1
28635 1
31500 1
35352 1
263846 1
262537 1
9911 1
12508 1
56190 1
37484 1
23410 1
31877 1
23786 1
23783 1
44244 1
27717 1
21949 1
63963 1
63962 1
32374 1
25035 1
262450 1
25031 1
52981 1
10912 1
44021 1
44020 1
38592 1
2588 1
60144 1
13354 1
63760 1
199625 1
198717 1
36253 1
20013 1
52207 1
203409 1
37473 1
9228 1
9597 1
9221 1
49711 1
133605 1
9 1
49502 1
42864 1
45815 1
14166 1
49800 1
36678 1
25877 1
11845 1
59083 1
41668 1
37618 1
44030 1
13009 1
132556 1
8228 1
14585 1
47168 1
24321 1
20207 1
28024 1
7600 1
15987 1
44622 1
29510 1
23772 1
12422 1
15344 1
48832 1
9341 1
59065 1
50596 1
50591 1
40317 1
11215 1
34743 1
28158 1
24445 1
27792 1
27796 1
61046 1
28156 1
27720 1
48043 1
62099 1
23953 1
15774 1
35699 1
50607 1
60950 1
50608 1
19531 1
56704 1
396507 1
55947 1
60392 1
201270 1
52330 1
9459 1
49120 1
52048 1
4452 1
25249 1
31727 1
61950 1
24862 1
25899 1
204196 1
48634 1
48635 1
54465 1
22439 1
135818 1
21491 1
49724 1
60778 1
12365 1
199270 1
9697 1
9071 1
41011 1
27887 1
39651 1
49342 1
48524 1
21766 1
134806 1
25124 1
44604 1
33920 1
41126 1
49902 1
38684 1
198293 1
30854 1
131126 1
131127 1
17862 1
29039 1
34245 1
56478 1
47438 1
35191 1
262900 1
18106 1
44869 1
59073 1
5576 1
3262 1
266487 1
21599 1
45287 1
24691 1
28142 1
55406 1
25159 1
53066 1
25306 1
61568 1
22869 1
15997 1
63940 1
35401 1
16629 1
32354 1
11403 1
32751 1
51655 1
25274 1
56002 1
17469 1
56001 1
25471 1
17666 1
38264 1
61969 1
135391 1
44770 1
4668 1
204161 1
4662 1
49000 1
64081 1
9205 1
10066 1
45588 1
58134 1
37390 1
137 1
20771 1
1 1
199267 1
135481 1
196739 1
9066 1
59713 1
17714 1
45839 1
49824 1
13156 1
23005 1
36692 1
42116 1
133579 1
14613 1
63234 1
44050 1
44507 1
14928 1
59917 1
6580 1
199883 1
8757 1
8752 1
47551 1
17871 1
24207 1
197023 1
34232 1
262832 1
263569 1
47771 1
18114 1
23089 1
59282 1
18501 1
59045 1
52341 1
38095 1
8595 1
47395 1
23881 1
35365 1
28769 1
206923 1
38320 1
131486 1
55414 1
393552 1
263963 1
6621 1
197838 1
24739 1
61884 1
52284 1
38229 1
262760 1
56420 1
201106 1
38896 1
64474 1
51862 1
61979 1
60117 1
12975 1
200185 1
63956 1
56724 1
41754 1
135654 1
9274 1
39785 1
45224 1
10054 1
201924 1
20766 1
52666 1
49588 1
49183 1
53824 1
58890 1
52572 1
6319 1
48505 1
198031 1
59702 1
49058 1
45045 1
9657 1
10126 1
36994 1
9780 1
9781 1
42109 1
48760 1
264531 1
48166 1
133296 1
53612 1
14600 1
38067 1
132960 1
29302 1
33302 1
44066 1
11090 1
18051 1
200865 1
44318 1
17803 1
15640 1
37154 1
199984 1
31131 1
9868 1
133982 1
133981 1
28306 1
24506 1
53078 1
31251 1
40386 1
131267 1
44894 1
28165 1
28169 1
31430 1
31435 1
7474 1
47748 1
55350 1
55600 1
56485 1
11550 1
23988 1
51705 1
48693 1
21574 1
61215 1
48951 1
61186 1
55915 1
131210 1
262590 1
15974 1
56264 1
48514 1
10954 1
201848 1
3561 1
25454 1
61985 1
25106 1
55828 1
4645 1
24186 1
135353 1
111 1
4802 1
57041 1
57043 1
9466 1
45101 1
10135 1
58085 1
9317 1
46816 1
9310 1
327814 1
14638 1
57860 1
136054 1
3212 1
37497 1
18734 1
15658 1
27693 1
41750 1
17819 1
133199 1
58466 1
27435 1
48176 1
37143 1
45499 1
132137 1
4249 1
31688 1
131737 1
27626 1
42396 1
59029 1
29170 1
52945 1
393398 1
34781 1
31357 1
28226 1
34547 1
47359 1
23628 1
36416 1
23624 1
27193 1
395167 1
199847 1
197216 1
28208 1
8487 1
28205 1
25933 1

